
Names = {'LIB00002_IL_tWH-insertion-tHS','R LIB00002_IL_tWH-insertion-tHS','LIB00003_IL_tSH-tWH-tHS','R LIB00003_IL_tSH-tWH-tHS','LIB00004_IL_tSH-tHS','R LIB00004_IL_tSH-tHS','LIB00005_IL_tSH-tHH-cSH-tWH-tHS_sarcin%3Aricin','R LIB00005_IL_tSH-tHH-cSH-tWH-tHS_sarcin%3Aricin','LIB00006_IL_tSH-tSH-tHS','R LIB00006_IL_tSH-tSH-tHS','LIB00007_IL_tSH-tSH-tHS_kink-turn','R LIB00007_IL_tSH-tSH-tHS_kink-turn','LIB00009_IL_cWW-(cWW-cSW)-(tWH-cWW)-cWW-cWW','R LIB00009_IL_cWW-(cWW-cSW)-(tWH-cWW)-cWW-cWW','LIB00010_IL_tSH-with bulged out bases','R LIB00010_IL_tSH-with bulged out bases','LIB00012_IL_cWW-tWH-cWW_GAAA-receptor','R LIB00012_IL_cWW-tWH-cWW_GAAA-receptor','LIB00014_IL_tSH-tSH-tHS-tHS','R LIB00014_IL_tSH-tSH-tHS-tHS','LIB00015_IL_(cWH-cWW)-(tHW-cWW)','R LIB00015_IL_(cWH-cWW)-(tHW-cWW)','LIB00016_IL_tWH-tSH-tHS','R LIB00016_IL_tWH-tSH-tHS','LIB00100_IL_cWW-cWS-cWW','R LIB00100_IL_cWW-cWS-cWW','LIB00101_IL_cWW-tHH-tHS-cWW','R LIB00101_IL_cWW-tHH-tHS-cWW','LIB00102_IL_cWW-tSH-tSH-tSS-tHS-cWW','R LIB00102_IL_cWW-tSH-tSH-tSS-tHS-cWW','LIB00200_IL_cWW-tHW-cSW-cWW_C-loop','R LIB00200_IL_cWW-tHW-cSW-cWW_C-loop','LIB99996_IL_Helix_12_nucleotides','R LIB99996_IL_Helix_12_nucleotides','LIB99997_IL_Helix_10_nucleotides','R LIB99997_IL_Helix_10_nucleotides','LIB99998_IL_Helix_8_nucleotides','R LIB99998_IL_Helix_8_nucleotides','LIB99999_IL_Helix_6_nucleotides','R LIB99999_IL_Helix_6_nucleotides'};
S(1,:) = [   -13.601336   -17.239795   -13.330103   -13.873528   -16.619544   -16.539349   -23.272445   -22.885815   -13.226670   -12.800185   -21.601241   -21.842835   -29.911837   -29.955942   -21.637234   -21.896032   -16.651089   -18.367109   -17.260108   -17.292788   -18.247740   -16.606135   -13.639856   -17.034191   -20.244880   -19.585202   -16.240324   -16.903240   -20.433484   -20.362445   -38.032917   -38.045369   -18.503003   -18.497308   -13.889254   -13.880868   -23.220695   -23.360722   -33.721834   -33.393754];
S(2,:) = [   -15.709279   -16.521445   -11.088116   -15.535098   -16.980706   -16.803734   -23.597960   -23.339747   -12.427980   -13.349423   -22.524994   -21.301744   -30.573035   -30.797930   -22.138446   -21.652546   -18.242430   -19.329709   -18.221758   -18.731759   -17.314514   -17.970077   -17.998913   -15.668978   -20.410613   -20.461189   -17.662905   -17.767948   -20.856051   -21.644069   -37.447622   -37.804727   -19.715209   -19.715409   -15.127920   -15.136256   -23.425041   -23.414143   -33.468529   -33.915527];
S(3,:) = [   -14.926286   -14.061130   -14.755885   -15.015264    -9.789869    -9.531590   -24.838439   -24.437709   -14.251733   -14.262256   -23.364411   -24.024989  -149.475452   -37.387333   -14.880774   -14.614311   -16.725350   -17.450747   -19.684872   -19.550593   -19.126894   -18.581224   -15.999386   -15.239127   -14.014248   -14.322642   -14.928131   -14.639275   -19.929151   -19.382282   -26.411067   -26.221118   -21.422792   -21.431025   -16.787405   -16.849398   -12.218418   -12.336963   -21.859974   -21.703846];
S(4,:) = [   -27.649169   -27.778152   -23.873812   -23.955992   -28.096493   -29.086723   -20.778908   -20.992521   -23.715869   -22.922338   -23.845442   -25.161896   -33.170148   -21.971638   -36.478771   -39.108813   -23.632185   -23.819417   -19.331487   -19.052279   -21.048652   -23.731775   -20.650579   -21.159217   -34.877917   -33.578611   -22.671311   -22.828615   -24.254664   -24.788749 -1011.015564 -1012.053808   -22.327057   -22.294155   -31.772764   -31.340718   -42.939504   -42.607652   -54.886691   -55.377533];
S(5,:) = [   -17.003582   -15.297046   -14.368507   -12.637488   -16.615749   -16.515758   -23.252013   -22.567386   -11.295992   -14.663613   -21.699164   -20.955378   -31.874468   -33.126964   -24.025494   -21.446391   -19.636679   -18.013587   -17.402798   -18.646492   -17.613408   -17.902255   -16.122841   -14.454343   -19.748178   -20.876306   -18.234236   -17.066930   -19.119910   -22.082421   -38.833584   -38.051164   -19.978645   -19.966277   -15.345225   -15.326031   -24.535500   -24.484467   -34.585244   -34.536624];
S(6,:) = [   -28.916566   -26.418945   -24.176997   -23.891532   -29.543695   -29.422342   -31.202802   -28.467861   -22.973207   -23.869610   -19.240660   -36.020854 -1026.098205   -26.013701   -41.352885   -40.637353   -23.518582   -29.365811   -26.149083   -26.624249   -23.681485   -32.873673   -20.693507   -24.301698   -36.570811   -37.582138   -26.280870   -20.773398   -22.170679   -26.234434 -1014.126321 -1011.539380   -36.433466   -36.458861   -33.101412   -33.432428   -44.235286   -44.538991   -57.884440   -58.524179];
S(7,:) = [   -32.244614   -31.630058   -30.299947   -29.830975   -33.484599   -33.429049   -30.791900   -28.900366   -29.007147   -29.514672   -35.170270   -30.110416   -20.562322   -40.652951   -42.620866   -42.742499   -28.821629   -25.538026   -25.997689   -25.619237   -31.001339   -25.309483   -25.433345   -23.285921   -41.001146   -39.652171   -24.316402   -27.044621   -29.290061   -30.571297 -1011.735749 -1011.322868   -25.576600   -25.569484   -36.339365   -36.277846   -48.366407   -48.225286   -63.480775   -62.102199];
S(8,:) = [   -17.282558   -16.680411   -21.933248   -21.741303   -16.851706   -16.725654   -28.262477   -23.144631   -21.536950   -21.089915   -21.129141  -159.146271 -9999.000000 -9999.000000   -12.116605   -14.397022   -22.179980   -24.990042   -25.607406   -25.300066   -26.108861   -20.343809   -22.814032   -24.035197   -13.221747   -12.281831   -17.224500   -17.507044   -23.521375   -27.555824  -143.775928  -145.524514   -29.861950   -29.916462   -25.553669   -26.022389   -21.162748   -22.088652   -16.710783   -17.898992];
S(9,:) = [   -19.168515   -22.819345   -17.799629   -19.096747   -22.869566   -21.504068   -24.948422   -26.787003   -19.832639   -18.569948   -27.365242   -23.263184   -23.684550  -106.732272   -26.759958   -24.896887   -19.413986   -16.998514   -24.295742   -20.858595   -18.172113   -19.717046   -20.336999   -18.088857   -23.039322   -23.477364   -19.001772   -20.905549   -26.590849   -24.947675 -1012.661581 -1012.135282   -23.665263   -23.675520   -19.648302   -19.630521   -28.543372   -27.434564   -40.075006   -38.625198];
S(10,:) = [   -25.660218   -27.256858   -23.418697   -24.225966   -27.577897   -27.760171   -18.527237   -24.956863   -22.558907   -22.450336   -21.338448   -24.180881   -33.974691   -23.878446   -36.895759   -39.130397   -23.213041   -24.163257   -16.692422   -18.349368   -23.107885   -23.868771   -19.067759   -21.234148   -35.176456   -33.351710   -21.654259   -20.830254   -22.990906   -23.622087 -1011.991439 -1010.462672   -22.471256   -22.473399   -32.588233   -32.092933   -43.273456   -43.316415   -55.276616   -55.571164];
S(11,:) = [   -23.942354   -23.347951   -22.520003   -20.309872   -25.246158   -24.860588   -19.725065   -25.246477   -19.843493   -21.826646   -25.773287   -26.540185   -27.086560   -27.291876   -31.086589   -30.347060   -22.674353   -22.670108   -18.136148   -20.492774   -20.240054   -20.477940   -19.310010   -19.126672   -26.297241   -29.270960   -21.727422   -21.879784   -25.483389   -24.368241 -1011.282763 -1012.234941   -18.612485   -18.604112   -24.980954   -25.326941   -35.761521   -35.306949   -48.044164   -47.316899];
S(12,:) = [   -33.758106   -32.108606   -30.346492   -29.887634   -35.599211   -35.556356   -36.763841   -33.747617   -28.157310   -30.262630   -21.109538   -44.261365 -1025.251935   -26.782048 -1009.215378 -1009.548230   -29.788492   -36.968855   -30.599015   -32.259269   -26.259530   -37.444660   -23.385277   -32.743101 -1009.660443 -1009.126875   -32.711227   -22.572579   -24.888083   -29.118949 -1011.071042 -1012.011422   -42.478352   -42.611469   -39.240493   -39.494381   -50.790222   -51.637787 -1009.039482 -1008.883579];
